2.0 -0.383
2.0 -0.2906
4.0 -0.145
5.0 -0.105
6.0 -0.094
6.0 -0.158
7.0 0.105
8.0 0.037
6.0 -0.0217
7.0 -0.0088
8.0 0.0411
8.0 0.0476
9.0 -0.0059
10.0 0.0794
8.0 -0.0699
9.0 0.0368
10.0 -0.0027
11.0 -0.036
12.0 -0.017
13.0 -0.0421
14.0 -0.0097
15.0 0.0309
16.0 -0.0065
10.0 0.0418
11.0 -0.0284
12.0 0.0084
13.0 -0.0201
14.0 0.0034
15.0 0.0159
16.0 0.0208
17.0 0.0264
18.0 0.0522
19.0 0.0258
20.0 0.0524
11.0 -0.0263
12.0 0.0143
13.0 -0.028
14.0 0.0049
15.0 -0.0013
16.0 0.0367
17.0 0.0065
18.0 0.0351
19.0 0.0379
20.0 0.0375
15.0 -0.0048
16.0 0.016
15.0 -0.003
16.0 0.0216
17.0 -0.0018
18.0 0.0269
19.0 0.0003
20.0 0.012
21.0 0.0065
22.0 0.0181
23.0 -0.0023
24.0 0.0163
25.0 -0.006
26.0 0.01
19.0 0.0054
20.0 0.013
21.0 -0.0042
22.0 0.0148
23.0 -0.0003
24.0 0.0025
25.0 -0.0022
26.0 0.0056
27.0 -0.0111
28.0 0.0003
29.0 0.0269
30.0 0.0224
31.0 0.0132
32.0 0.0149
20.0 0.0183
21.0 0.0004
22.0 0.0304
23.0 -0.0144
24.0 0.0247
25.0 -0.0232
26.0 0.0
27.0 -0.0176
28.0 -0.0002
29.0 0.0139
30.0 0.0276
31.0 0.0143
32.0 0.0196
22.0 -0.0127
23.0 -0.0143
24.0 0.0027
25.0 -0.0216
23.0 -0.0176
24.0 0.0131
25.0 -0.0108
26.0 -0.0041
27.0 -0.0188
28.0 -0.0029
29.0 0.0059
30.0 0.0374
26.0 -0.0094
27.0 -0.032
28.0 -0.0044
29.0 0.0172
30.0 0.0223
31.0 0.0089
31.0 0.0155
32.0 0.0213
33.0 0.0107
34.0 0.0174
37.0 0.0039
38.0 0.0128
33.0 0.0082
38.0 0.0123
39.0 0.0025
40.0 0.012
41.0 0.02
42.0 0.0102
43.0 -0.0025
44.0 0.0077
45.0 -0.0012
46.0 0.004
47.0 -0.0047
48.0 0.0025
49.0 -0.006
50.0 0.0023
51.0 0.023
41.0 0.0056
42.0 0.011
43.0 0.0
44.0 0.0011
39.0 0.0227
40.0 -0.0077
41.0 0.0062
42.0 -0.0044
43.0 -0.0004
44.0 -0.0064
45.0 -0.0018
46.0 -0.0033
47.0 -0.0048
48.0 0.0013
49.0 -0.0038
50.0 -0.0011
51.0 0.0149
52.0 0.0187
53.0 0.0115
54.0 0.0137
55.0 0.012
56.0 0.0181
57.0 0.007
58.0 0.0208
59.0 0.0065
60.0 0.02
38.0 0.037
39.0 0.0037
40.0 0.0063
41.0 0.0028
42.0 -0.0113
43.0 -0.0015
44.0 -0.0067
45.0 -0.0054
46.0 -0.0113
47.0 -0.0063
48.0 0.0031
49.0 -0.000999999999999
50.0 -0.004
51.0 0.0183
52.0 0.0226
53.0 0.0164
54.0 0.0171
55.0 0.0182
56.0 0.0153
57.0 0.0135
58.0 0.0211
59.0 0.0111
60.0 0.0749
61.0 0.0104
40.0 -0.0008
41.0 0.0025
42.0 -0.0024
43.0 -0.0015
44.0 -0.0069
45.0 -0.0023
46.0 -0.0061
47.0 -0.009
48.0 0.000299999999999
49.0 -0.0058
50.0 -0.0009
51.0 0.0167
52.0 0.0204
53.0 0.0129
54.0 0.0184
55.0 0.0102
56.0 0.0165
57.0 0.0114
58.0 0.0217
59.0 0.0103
60.0 0.0752
61.0 0.0118
62.0 0.0145
48.0 -0.0015
49.0 -0.0057
50.0 -0.0011
51.0 0.0143
54.0 0.0165
55.0 0.009
56.0 0.0142
57.0 0.0118
58.0 0.0178
59.0 0.0131
60.0 0.0947
61.0 0.0047
62.0 0.0158
63.0 0.0048
48.0 -0.0002
49.0 -0.0081
50.0 -0.0012
51.0 0.0151
52.0 0.0212
57.0 0.028
58.0 0.022
59.0 0.0144
60.0 0.0735
61.0 0.0228
62.0 0.0173
50.0 -0.0013
51.0 0.0148
52.0 0.0214
49.0 -0.0083
50.0 -0.0031
53.0 0.0099
54.0 0.0219
55.0 0.0033
56.0 0.0211
61.0 0.0231
62.0 0.0104
63.0 0.014
64.0 0.0101
55.0 0.0109
56.0 0.0193
57.0 0.0075
58.0 0.0203
59.0 0.0072
60.0 0.0168
57.0 0.0083
58.0 0.015
55.0 0.0141
56.0 0.0171
57.0 0.0094
58.0 0.0167
59.0 0.0083
60.0 0.0111
61.0 0.0024
62.0 0.0164
63.0 0.008
64.0 0.0099
65.0 0.0068
66.0 0.0075
67.0 0.0027
68.0 0.0089
69.0 -0.0067
70.0 0.011
56.0 0.0127
57.0 0.0064
58.0 0.0119
59.0 0.0077
60.0 0.0114
61.0 0.0057
62.0 0.0114
63.0 0.0051
64.0 0.0103
65.0 0.0046
66.0 0.01
67.0 0.0055
68.0 0.0081
69.0 0.0043
70.0 0.0072
71.0 0.0036
72.0 0.0062
73.0 0.0029
74.0 0.006
75.0 0.0031
76.0 0.0045
77.0 0.0032
78.0 0.0031
59.0 0.0074
60.0 0.0106
61.0 0.0051
62.0 0.0112
63.0 0.0067
64.0 0.0084
65.0 0.0049
66.0 0.0102
67.0 0.0052
68.0 0.0091
69.0 0.0045
70.0 0.0081
71.0 0.0047
72.0 0.0068
73.0 0.0031
74.0 0.007
75.0 0.003
76.0 0.0068
77.0 0.0034
78.0 0.0054
79.0 0.0013
80.0 0.0085
81.0 0.0059
82.0 0.0015
71.0 0.0022
72.0 0.0066
73.0 0.0021
74.0 0.0062
73.0 0.0025
74.0 0.0027
75.0 9.99999999998e-05
76.0 0.0043
77.0 -0.000999999999999
78.0 0.0051
79.0 -0.0028
80.0 0.0068
83.0 0.013
84.0 0.0185
85.0 0.013
86.0 0.0157
87.0 0.0128
88.0 0.0147
89.0 0.0101
90.0 0.014
64.0 0.0064
65.0 0.0019
66.0 -0.0146
67.0 0.0004
68.0 0.0047
69.0 0.0008
70.0 0.0052
71.0 -0.0008
72.0 0.0064
73.0 -0.0015
74.0 0.006
75.0 0.0011
76.0 0.0034
77.0 -0.0024
78.0 0.0039
79.0 -0.001
80.0 0.0036
81.0 -0.0008
82.0 0.0069
83.0 0.0127
84.0 0.0167
85.0 0.0132
86.0 0.0135
87.0 0.0136
88.0 0.014
89.0 0.009
90.0 0.0133
91.0 0.0093
65.0 0.0084
66.0 -0.0023
67.0 -0.0018
68.0 0.005
69.0 -0.0008
70.0 0.0044
71.0 -0.0017
72.0 0.0051
73.0 -0.0007
74.0 0.0035
75.0 -0.000699999999999
76.0 0.0027
77.0 -0.0017
78.0 0.0036
79.0 -0.0028
80.0 0.004
81.0 -0.002
82.0 0.0064
83.0 0.0135
84.0 0.0171
85.0 0.0123
86.0 0.0146
87.0 0.0134
88.0 0.0149
89.0 0.0109
90.0 0.0134
81.0 -0.0023
82.0 0.0077
75.0 -0.0042
76.0 0.0025
77.0 -0.0031
78.0 0.0043
79.0 -0.0047
80.0 0.0025
81.0 -0.0044
82.0 0.0066
83.0 0.0131
84.0 0.0167
85.0 0.0114
86.0 0.0161
77.0 -0.0043
78.0 0.000900000000001
79.0 -0.0048
80.0 0.000100000000001
81.0 -0.0039
82.0 0.0045
83.0 0.0127
84.0 0.0157
85.0 0.0084
86.0 0.015
87.0 0.0092
88.0 0.0253
89.0 0.0163
90.0 0.0269
91.0 0.0106
92.0 0.0128
75.0 0.0017
76.0 -0.0019
77.0 -0.0065
78.0 0.0002
79.0 -0.009
80.0 0.0029
81.0 -0.0024
82.0 0.0051
83.0 0.0126
84.0 0.0149
85.0 0.0107
86.0 0.0157
87.0 0.0094
88.0 0.0226
89.0 0.0542
90.0 0.0051
91.0 0.0124
92.0 -0.0018
93.0 0.0043
94.0 0.0087
95.0 0.0062
96.0 0.0085
82.0 0.0015
91.0 0.0096
92.0 0.0101
93.0 0.0029
94.0 0.012
83.0 0.009
84.0 0.0136
85.0 0.0072
86.0 0.0131
87.0 0.0059
88.0 0.0261
89.0 0.0383
90.0 0.0058
83.0 0.0112
84.0 0.0139
85.0 0.0095
86.0 0.0149
87.0 0.0085
88.0 0.0206
89.0 0.0216
90.0 0.0165
91.0 0.0087
92.0 0.0106
93.0 0.001
94.0 0.0126
95.0 0.0011
96.0 0.0112
97.0 0.0025
98.0 0.0119
85.0 0.0216
86.0 0.0146
87.0 0.0096
88.0 0.022
89.0 0.008
90.0 0.0379
91.0 0.0036
92.0 0.0104
93.0 -0.0013
94.0 0.0123
95.0 0.0032
96.0 0.009
99.0 0.0044
100.0 0.0084
85.0 0.0112
88.0 0.0164
89.0 0.0095
90.0 0.0157
91.0 0.0112
92.0 0.0112
93.0 0.0097
94.0 0.0136
95.0 0.0057
96.0 0.0098
97.0 0.0042
98.0 0.0083
99.0 0.0041
100.0 0.0086
101.0 0.0047
102.0 0.0085
103.0 0.0023
85.0 0.0165
86.0 0.0179
87.0 0.0105
88.0 0.0174
89.0 0.0131
90.0 0.0152
91.0 0.0108
92.0 0.0165
93.0 0.0103
94.0 0.015
95.0 0.0092
96.0 0.0126
97.0 0.0096
98.0 0.0081
99.0 0.0069
100.0 0.0082
101.0 0.0053
102.0 0.0089
103.0 0.0051
104.0 0.0062
105.0 0.0027
106.0 0.008
91.0 0.0105
92.0 0.0169
93.0 0.011
94.0 0.0153
95.0 0.0142
96.0 0.0136
97.0 0.0119
98.0 0.0063
99.0 0.0074
100.0 0.0072
101.0 0.005
102.0 0.0091
103.0 0.0057
104.0 0.0066
105.0 0.0039
106.0 0.0076
107.0 0.0042
108.0 0.006
99.0 0.0143
100.0 0.0024
101.0 0.0075
102.0 0.0061
103.0 -0.001
104.0 0.0095
105.0 0.0023
106.0 0.0062
107.0 0.0037
108.0 0.0062
109.0 0.0052
110.0 0.0047
111.0 0.0024
112.0 0.006
113.0 0.0023
114.0 0.0046
106.0 0.0075
107.0 0.0025
108.0 0.0049
109.0 0.0046
110.0 -0.0088
111.0 0.0026
112.0 0.006
101.0 0.0187
102.0 -0.0024
103.0 0.0105
104.0 -0.0027
105.0 0.0069
106.0 -0.0023
107.0 0.0133
108.0 -0.0111
109.0 0.0026
110.0 -0.000999999999999
111.0 0.000699999999999
112.0 0.0048
113.0 -0.0006
114.0 0.0067
115.0 0.0022
116.0 0.0045
117.0 0.0034
118.0 0.0037
105.0 0.0059
106.0 -0.001
107.0 0.0058
108.0 -0.0336
109.0 0.0031
110.0 0.0035
111.0 0.0025
112.0 0.0038
113.0 0.0032
114.0 0.0042
115.0 0.0031
116.0 0.0046
117.0 0.0034
118.0 0.0039
119.0 0.0029
120.0 0.0054
102.0 -0.0531
103.0 0.0572
104.0 -0.0456
105.0 0.0448
106.0 -0.038
107.0 0.0029
108.0 0.0039
109.0 0.0015
110.0 0.0058
111.0 0.0013
112.0 0.0061
113.0 0.0006
114.0 0.0071
115.0 0.0036
116.0 0.004
117.0 0.0027
118.0 0.0051
119.0 0.0011
120.0 0.0077
121.0 0.003
122.0 0.0067
123.0 0.0031
124.0 0.0065
125.0 0.0032
126.0 0.0061
110.0 0.0048
111.0 0.0022
112.0 0.0052
113.0 0.0016
114.0 0.0066
115.0 0.0002
116.0 0.0061
117.0 0.000800000000001
118.0 0.0083
119.0 0.0012
120.0 0.0082
121.0 0.0022
122.0 0.0071
123.0 0.0038
124.0 0.0055
127.0 0.0093
101.0 0.0081
102.0 0.0061
103.0 0.0054
104.0 0.0043
105.0 0.0052
106.0 0.006
107.0 0.0038
108.0 0.0045
109.0 0.0007
110.0 0.0071
111.0 0.001
112.0 0.0062
113.0 0.0017
114.0 0.0055
115.0 0.0002
116.0 0.0078
117.0 0.0005
118.0 0.0082
119.0 0.0018
120.0 0.0076
121.0 0.0022
122.0 0.0076
123.0 0.0025
124.0 0.0074
125.0 0.0041
126.0 0.0069
127.0 0.0088
128.0 0.0108
129.0 0.0082
130.0 0.0106
120.0 0.0071
121.0 0.0023
122.0 0.0074
123.0 0.0026
124.0 0.0069
125.0 0.0044
126.0 0.0064
127.0 0.0089
130.0 0.0097
109.0 -0.0035
110.0 -0.0018
111.0 -0.004
112.0 0.000900000000001
113.0 -0.0024
114.0 0.0034
115.0 -0.0023
116.0 0.0076
117.0 -0.0009
118.0 0.0091
119.0 0.0016
120.0 0.0081
121.0 0.0011
122.0 0.0091
123.0 0.0021
124.0 0.0083
125.0 0.0047
126.0 0.0073
127.0 0.0094
133.0 0.0051
134.0 0.0113
119.0 9.99999999998e-05
120.0 0.0071
121.0 0.0012
122.0 0.0073
123.0 0.0018
124.0 0.007
125.0 0.0037
126.0 0.0065
133.0 0.0108
134.0 0.0083
135.0 0.0103
136.0 0.0081
116.0 0.006
117.0 -0.0037
118.0 0.0086
119.0 0.0009
120.0 0.0071
121.0 0.000999999999999
122.0 0.0081
123.0 0.0023
124.0 0.0073
125.0 0.0039
126.0 0.0071
131.0 0.0112
132.0 0.0035
133.0 0.0122
134.0 0.0117
135.0 0.0114
136.0 0.007
137.0 0.0125
138.0 0.0059
139.0 0.0088
140.0 0.0166
141.0 0.0072
142.0 0.0086
121.0 0.000500000000001
122.0 0.0074
123.0 0.0015
124.0 0.0072
125.0 0.0035
126.0 0.0069
133.0 0.013
134.0 0.0096
135.0 0.011
136.0 0.0085
137.0 0.0119
138.0 0.0072
139.0 0.0088
140.0 0.0095
141.0 0.0098
142.0 0.0115
138.0 0.0084
139.0 0.0069
140.0 0.0113
142.0 0.0088
143.0 0.0046
144.0 0.0094
145.0 0.0066
146.0 0.01
147.0 0.0047
148.0 0.0075
149.0 0.0046
150.0 0.0087
